4693255.2140     7511851.2648
4693255.6651     7511851.4805
4693255.7964     7511850.0469
4693256.2475     7511850.2626
4693258.3849     7511844.6339
4693258.8359     7511844.8496
4693258.9673     7511843.4160
4693259.4183     7511843.6317
4693260.9517     7511839.2661
4693261.3036     7511854.1768
4693261.4028     7511839.4818
4693261.5341     7511838.0482
4693261.7547     7511854.3925
4693261.8860     7511852.9589
4693261.9852     7511838.2639
4693262.3371     7511853.1746
4693262.9136     7511846.0790
4693263.0940     7511846.1653
4693263.2156     7511845.4475
4693263.3960     7511845.5338
4693264.1226     7511832.6352
4693264.5736     7511832.8509
4693264.7050     7511831.4173
4693264.9058     7511846.6437
4693265.0568     7511846.3280
4693265.1560     7511831.6330
4693265.2001     7511841.2976
4693265.3805     7511841.3839
4693265.5020     7511840.6661
4693265.6825     7511840.7523
4693266.6356     7511847.0830
4693266.7165     7511856.7652
4693266.9965     7511847.2555
4693267.0413     7511842.1781
4693267.1676     7511856.9809
4693267.1923     7511841.8623
4693267.2989     7511855.5473
4693267.7500     7511855.7630
4693267.9024     7511845.3610
4693268.0750     7511845.0001
4693268.6201     7511842.9330
4693268.9809     7511843.1056
4693270.2121     7511835.5472
4693270.6632     7511835.7629
4693270.7699     7511849.4479
4693270.7945     7511834.3293
4693270.8795     7511846.7846
4693270.9208     7511849.1321
4693271.0521     7511846.4238
4693271.2456     7511834.5450
4693272.9053     7511844.9822
4693273.0563     7511844.6664
4693273.3429     7511849.5144
4693273.3925     7511859.9576
4693273.4508     7511849.2889
4693273.8436     7511860.1733
4693273.9749     7511858.7397
4693274.4260     7511858.9554
4693274.6155     7511846.8531
4693274.7234     7511846.6275
4693275.6251     7511838.1356
4693276.0761     7511838.3513
4693276.2075     7511836.9177
4693276.6585     7511837.1334
4693276.9732     7511852.4697
4693277.4243     7511852.6854
4693277.4477     7511851.4773
4693277.8988     7511851.6930
4693278.0067     7511851.4675
4693278.8282     7511848.5904
4693279.1714     7511849.0317
4693279.2793     7511848.8061
4693279.3028     7511847.5980
4693279.3519     7511849.1179
4693279.7538     7511847.8137
4693279.8030     7511849.3336
4693279.9343     7511847.9000
4693280.3854     7511848.1157
4693282.3010     7511841.3280
4693282.7521     7511841.5437
4693282.8834     7511840.1101
4693282.9326     7511841.6300
4693283.3345     7511840.3258
4693283.3836     7511841.8457
4693283.4071     7511840.6376
4693283.5150     7511840.4121
4693283.8582     7511840.8533
4693284.6798     7511837.9763
4693284.7876     7511837.7507
4693285.2387     7511837.9664
4693285.2621     7511836.7584
4693285.7132     7511836.9741
4693286.0279     7511852.3103
4693286.4789     7511852.5260
4693286.6103     7511851.0924
4693287.0613     7511851.3081
4693287.9630     7511842.8162
4693288.0709     7511842.5907
4693288.2604     7511830.4884
4693288.7115     7511830.7041
4693288.8428     7511829.2704
4693289.2356     7511840.1549
4693289.2939     7511829.4861
4693289.3435     7511839.9293
4693289.6301     7511844.7773
4693289.7811     7511844.4615
4693291.4408     7511854.8988
4693291.6343     7511843.0200
4693291.7656     7511840.3116
4693291.8069     7511842.6591
4693291.8919     7511855.1145
4693291.9165     7511839.9959
4693292.0232     7511853.6808
4693292.4743     7511853.8965
4693293.7055     7511846.3382
4693294.0663     7511846.5107
4693294.6114     7511844.4436
4693294.7840     7511844.0828
4693294.9364     7511833.6808
4693295.3875     7511833.8965
4693295.4941     7511847.5814
4693295.5188     7511832.4628
4693295.6451     7511847.2657
4693295.6899     7511842.1882
4693295.9699     7511832.6785
4693296.0508     7511842.3608
4693297.5304     7511857.8107
4693297.6296     7511843.1158
4693297.7806     7511842.8000
4693297.9815     7511858.0264
4693298.1128     7511856.5928
4693298.5638     7511856.8085
4693300.3493     7511836.2692
4693300.7012     7511851.1799
4693300.8004     7511836.4849
4693300.9317     7511835.0513
4693301.1523     7511851.3956
4693301.2836     7511849.9620
4693301.3828     7511835.2670
4693301.7347     7511850.1777
4693303.2681     7511845.8120
4693303.7191     7511846.0277
4693303.8505     7511844.5941
4693304.3015     7511844.8098
4693306.4389     7511839.1812
4693306.8900     7511839.3969
4693307.0213     7511837.9633
4693307.4724     7511838.1790
