4693259.8725     7511849.8678
4693260.0695     7511845.0516
4693260.1071     7511849.9800
4693260.1774     7511844.8260
4693260.2823     7511849.0107
4693260.5169     7511849.1229
4693260.9085     7511845.4528
4693261.0164     7511845.2272
4693262.8090     7511839.3229
4693262.9168     7511839.0973
4693263.6480     7511839.7241
4693263.7558     7511839.4985
4693266.1322     7511836.7775
4693266.3668     7511836.8896
4693266.4946     7511850.5072
4693266.5420     7511835.9204
4693266.7147     7511844.7154
4693266.7653     7511850.6366
4693266.7766     7511836.0326
4693266.8269     7511844.4809
4693266.9044     7511849.6501
4693267.1751     7511849.7795
4693267.5537     7511845.1166
4693267.6659     7511844.8821
4693270.7871     7511841.5307
4693271.0577     7511841.6601
4693271.1969     7511840.6736
4693271.3195     7511854.9977
4693271.4676     7511840.8030
4693271.5540     7511855.1098
4693271.7293     7511854.1406
4693271.9638     7511854.2528
4693272.4545     7511849.8655
4693272.7565     7511849.2340
4693273.1312     7511850.1891
4693273.4331     7511849.5576
4693274.1370     7511846.3471
4693274.4390     7511845.7156
4693274.8136     7511846.6707
4693275.1156     7511846.0391
4693277.3114     7511842.4672
4693277.5460     7511842.5794
4693277.7212     7511841.6102
4693277.9558     7511841.7224
4693284.7306     7511847.7214
4693284.9652     7511847.8336
4693285.1405     7511846.8644
4693285.3750     7511846.9765
4693287.5708     7511843.4046
4693287.8728     7511842.7731
4693288.2474     7511843.7282
4693288.5494     7511843.0967
4693289.2533     7511839.8862
4693289.5553     7511839.2547
4693289.9299     7511840.2097
4693290.2319     7511839.5782
4693290.7226     7511835.1910
4693290.9571     7511835.3031
4693291.1324     7511834.3339
4693291.2189     7511848.6407
4693291.3670     7511834.4461
4693291.4895     7511848.7701
4693291.6287     7511847.7837
4693291.8993     7511847.9131
4693295.0205     7511844.5617
4693295.1327     7511844.3271
4693295.5113     7511839.6642
4693295.7820     7511839.7936
4693295.8595     7511844.9629
4693295.9098     7511853.4112
4693295.9212     7511838.8072
4693295.9717     7511844.7283
4693296.1444     7511853.5233
4693296.1918     7511838.9366
4693296.3197     7511852.5541
4693296.5542     7511852.6663
4693298.9306     7511849.9452
4693299.0385     7511849.7197
4693299.7696     7511850.3464
4693299.8775     7511850.1209
4693301.6700     7511844.2165
4693301.7779     7511843.9910
4693302.1695     7511840.3208
4693302.4041     7511840.4330
4693302.5090     7511844.6177
4693302.5793     7511839.4638
4693302.6169     7511844.3922
4693302.8139     7511839.5760
